25
3112 1994 3368 2310 Interested
3331 1763 3635 2067 Interested
3526 1532 3903 1811 Interested
3404 2067 3660 2346 Interested
3538 2346 3830 2626 Interested
3854 2638 4158 2930 Interested
4207 3015 4547 3307 Interested
3660 1860 3939 2103 Interested
3684 2140 3951 2395 Interested
4560 3088 4827 3356 Interested
4207 2760 4487 3003 Interested
4560 2821 4839 3064 Interested
4158 2480 4450 2748 Interested
4037 2213 4341 2480 Interested
4377 2249 4645 2529 Interested
4474 2565 4754 2784 Interested
3951 1896 4207 2164 Interested
4256 1982 4523 2213 Interested
4122 1714 4414 1945 Interested
4049 1422 4268 1678 Interested
4231 1179 4535 1471 Interested
4365 1471 4669 1751 Interested
4584 2042 4815 2334 Interested
4438 1775 4705 2006 Interested
4450 899 4730 1167 Interested
